    0.000000     6.198511     7.921838     9.321051    11.211132    13.323644    14.557863    15.734694  2
    1.000000     6.147388     8.037432    10.243596    12.229736    14.296609    15.585051    17.133465  2
    0.000000     6.157628     8.500159    10.236977    12.517057    13.837409    14.627465    16.123077  1
    1.000000     5.771946     8.264176    10.417848    12.040188    13.330633    15.142297    17.405299  2
    1.000000     6.062531     8.000208     9.783901    11.412958    13.229303    14.086484    14.992412  2
    1.000000     6.599584     8.409038    10.235787    11.858227    13.511446    14.799581    16.188877  2
    0.000000     6.167470     8.313360    10.316838    11.635865    13.223438    14.996582    16.764758  2
    1.000000     5.341428     7.062950     9.234284    12.050677    12.218702    14.495832    15.784436  2
    1.000000     5.706928     8.485634    10.350749    12.065288    13.831269    15.615427    17.004454  1
    1.000000     5.340781     8.208959     9.816561    11.434116    13.299796    15.054844    16.586667  2
    0.000000     5.817228     7.908790     9.467884    11.709129    13.411827    14.870192    16.660681  2
    1.000000     6.023837     9.116293    10.589357    11.911239    13.882689    14.811032    15.833034  1
    0.000000     6.812623     8.714713    10.972939    12.712005    14.050676    15.139479    16.795250  1
    1.000000     6.297488     7.904795     9.370026    11.287252    12.409163    14.427828    16.554692  2
    1.000000     5.939467     9.078656    11.393043    11.888287    15.555020    16.207338    17.827406  1
    1.000000     6.467927     8.178964    10.358562    12.469012    14.296620    15.596320    16.609727  1
    0.000000     6.236914     8.621721    10.265464    12.180615    13.082893    15.303822    16.172563  1
    0.000000     5.950974     8.628053    10.778214    12.425884    13.483256    14.891985    15.975953  1
    0.000000     6.503806     8.261919    11.050828    12.837194    15.399728    16.367586    17.965601  1
    1.000000     5.676099     7.556446     9.143245    10.170480    11.920624    12.429671    13.658837  2
    0.000000     5.837421     8.307361    10.396655    12.579133    14.232581    15.666427    16.964908  1
    1.000000     5.376818     7.709098     9.755299    11.121859    12.640024    13.961568    15.715312  2
    0.000000     6.106501     8.175625     9.165049    10.929940    12.424018    14.151260    14.937441  2
    0.000000     6.016970     7.623597     9.740414    11.410244    13.439200    15.005892    16.385707  2
    0.000000     6.011896     8.615466    11.856429    13.222462    14.613470    16.157034    17.776873  1
    0.000000     6.217843     8.307628    10.306848    12.343491    14.405501    15.846645    17.248224  1
    0.000000     6.584836     9.076105    10.430971    12.694524    14.410247    16.212302    18.060748  1
    1.000000     5.607631     7.707854     9.635270    11.975512    13.205333    14.659554    16.262443  2
    0.000000     6.584800     8.151132     9.584892    11.648148    13.429519    15.510172    17.245247  2
    0.000000     5.665042     6.910866     9.574228    11.253150    12.443294    13.696554    15.096713  2
    1.000000     6.184986     8.676117    11.628843    12.703321    14.569710    16.329859    17.654454  1
    1.000000     6.695549     8.859718    10.989322    12.953434    14.383796    15.518859    16.842081  1
    1.000000     6.104787     8.541960    10.519335    11.630044    13.102696    13.357510    14.322454  1
    0.000000     6.534038     7.739828     9.557886    12.325910    13.890534    14.742715    17.460497  2
    0.000000     5.843095     8.399615    10.259727    11.726421    13.271194    15.654006    16.995975  2
    1.000000     5.972230     8.243938     9.839023    11.155201    12.976523    14.414765    15.673729  2
    1.000000     5.600150     7.591857     8.636611    10.458536    11.966011    13.004834    14.128372  2
    1.000000     6.211943     8.463495    10.060382    11.839947    13.122291    14.083461    14.844851  1
    1.000000     6.235617     8.946869    11.476162    13.235856    14.871241    16.574957    17.500110  1
    0.000000     5.937368     8.724715    10.543699    12.780063    14.130549    15.383567    17.035361  1
    0.000000     5.565257     7.818856    10.470116    12.167570    13.282953    14.410779    16.142597  2
    1.000000     5.996086     8.867152    10.731359    11.892396    14.128260    15.242510    16.826210  2
    0.000000     6.301805     9.214947    11.214323    13.819937    15.139154    16.755480    18.309247  1
    1.000000     5.473547     8.150534    10.477204    12.059618    13.912134    15.480414    16.695768  1
    0.000000     5.690061     8.013224    10.728129    12.756323    14.360410    16.033876    17.494625  1
    0.000000     6.029436     8.112586    10.810159    13.760978    15.310953    16.870628    18.524890  1
    0.000000     5.793810     7.871643     9.848410    11.896918    13.239212    14.288996    15.486315  2
    0.000000     6.907101     8.078348    10.226050    12.024943    13.617542    15.109501    16.410273  2
    1.000000     5.524358     8.458655    11.208324    13.179144    15.150662    16.251757    18.188183  1
    0.000000     6.777413     7.518487     9.696113    11.282168    14.085274    16.207881    18.493902  2
    1.000000     5.974944     8.137423     9.972559    11.441842    13.441540    15.217222    16.693644  2
    1.000000     5.964388     8.217223    10.597563    11.915469    14.058287    15.131414    16.755394  1
    0.000000     6.454169     7.973181     9.846564    11.963236    13.380341    15.136179    16.049887  2
    1.000000     5.707454     8.703525    10.933379    13.813219    15.699402    17.823091    19.252590  1
    1.000000     6.345975     7.383426    10.199164    11.372830    14.082711    15.269234    16.568960  2
    0.000000     6.363880     8.952548     9.803390    11.700787    13.661869    14.311055    16.698535  2
    0.000000     5.547142     8.439546    10.487071    12.411948    15.107021    15.793954    16.313659  1
    0.000000     5.733420     8.855059    10.535666    12.692464    14.447143    15.735990    17.172702  1
    0.000000     6.264108     8.785099    11.220331    13.539142    15.722726    16.805787    18.383796  1
    0.000000     6.047577     7.464533     9.540216    11.467182    13.284331    14.756997    16.891592  2
    0.000000     6.188003     8.073754    10.165982    12.913592    14.615222    16.087498    17.981330  1
    1.000000     6.570865     8.573890    10.582589    12.396387    14.237969    15.708057    17.019290  1
    0.000000     6.456673     8.753928    10.737298    13.332125    14.464710    16.782714    17.565502  1
    0.000000     6.641446     8.193188    10.753523    11.346646    13.118479    14.756646    15.983171  2
    1.000000     6.114378     7.818639    10.555084    11.916950    14.007714    15.374515    16.951309  1
    1.000000     6.168463     8.101889    10.625107    12.775703    13.919040    15.303476    16.238527  1
    1.000000     5.590578     7.250612     8.952027    10.732166    12.497370    13.754993    15.433268  2
    1.000000     6.055115     8.272680    10.288712    11.667274    14.060014    15.696814    16.909649  2
    1.000000     5.936786     8.326688    10.157976    12.077390    13.964303    15.018830    16.993532  2
    0.000000     5.242872     8.255009    10.212257    12.327163    13.135356    15.122772    15.686851  1
    1.000000     5.970369     8.628037    11.080514    12.997916    14.704600    15.567764    16.953234  1
    0.000000     6.081263     8.634842     9.997738    12.202908    13.843369    15.687122    16.498983  1
    1.000000     5.504948     7.468136     8.652235    10.459321    12.583474    13.778659    15.307426  2
    0.000000     6.246822     8.686823    10.769498    12.693782    14.355383    15.349093    17.166087  1
    0.000000     5.988412     7.997672    10.359484    11.820421    13.921843    15.716348    17.812627  2
    0.000000     5.889516     9.142069    10.502496    12.497163    15.053116    16.586165    18.104911  1
    1.000000     6.254642     8.773641    10.676170    12.109782    14.024220    14.922715    16.201998  1
    1.000000     5.702357     7.991902     9.717141    12.117339    13.301735    15.060630    16.739722  2
    1.000000     6.321543     8.762045    11.119762    13.162584    15.468850    17.049895    18.870335  1
    0.000000     5.607031     7.926808    10.886861    12.577636    14.526072    15.816449    17.331758  1
    0.000000     5.783472     8.783817    11.243499    13.502742    15.831108    17.847360    19.736223  1
    0.000000     5.681598     8.372974    10.818423    12.965560    15.147414    16.436684    17.958195  1
    1.000000     6.510222     8.543659    10.855046    13.234043    15.117787    16.796532    18.831552  1
    0.000000     6.017048     8.253674     9.544296    11.604868    12.541986    14.494317    16.249802  2
    1.000000     6.328416     7.647698     9.586936    11.629091    13.135066    14.947809    16.201032  2
    1.000000     5.904647     7.669245    10.049925    11.169363    12.389255    14.240880    15.642478  2
    1.000000     5.664222     7.643174     9.811930    11.265570    13.388357    14.629928    15.240066  2
    0.000000     5.763912     7.726628     9.566518    11.217085    12.730916    14.428827    15.652935  2
    1.000000     6.322000     7.643253     9.791718    11.019867    13.125135    14.249708    16.061413  2
    0.000000     5.960644     8.127930     9.833650    11.565224    13.013568    14.588856    15.813108  2
    0.000000     5.722528     8.175894    10.847461    13.222039    14.632899    16.908214    18.682208  1
    0.000000     6.279292     8.230441     9.512570    11.720488    13.381142    14.784687    15.246870  2
    0.000000     5.396312     8.185865    10.627435    13.201315    14.155084    16.133244    16.424699  1
    0.000000     5.734238     7.779921     9.061807    10.362581    12.457993    13.815190    15.027211  2
    1.000000     6.218382     7.673947    10.069069    11.019995    12.193898    13.597147    14.527535  2
    0.000000     6.154569     8.980342    10.983595    13.151575    15.306025    16.801671    17.878005  1
    0.000000     6.318752     8.201822     9.962200    11.215826    13.075002    14.330545    15.622565  2
    0.000000     5.895259     7.832180     9.534074    11.951624    13.518103    15.184921    16.336190  2
    0.000000     5.768921     8.122939     9.994428    11.765872    13.921379    15.121408    16.472803  1
    1.000000     5.695190     8.030356     9.227851    11.460229    13.480965    14.809756    16.317239  2
    1.000000     6.388608     8.992679     9.997892    12.831694    14.518927    15.320746    16.947541  1
    1.000000     6.693753     8.359877    10.290929    11.611588    14.269164    14.785411    17.173907  2
    0.000000     5.982427     7.577835     9.470125    10.928178    12.817152    14.100552    14.911964  2
    0.000000     6.295607     8.377665     9.201691    10.848625    13.399884    14.832312    16.366452  2
    0.000000     6.351198     8.479949    10.332773    12.222833    13.762199    15.238787    17.297824  2
    1.000000     6.506888     6.937416     9.055601    11.113949    12.006436    13.823696    15.434023  2
    1.000000     6.563201     8.029542    10.455668    11.935025    13.945070    15.675057    17.547687  2
    0.000000     6.398050     8.720349     9.506321    11.248480    12.763883    13.899375    14.669378  2
    0.000000     6.027865     8.229129    10.630435    13.144719    13.733586    15.186632    16.418166  1
    0.000000     6.106269     8.747044    10.095138    12.890822    14.347587    15.921748    17.199514  1
    0.000000     5.586395     8.171943     9.356858    10.997961    12.411212    13.753744    15.249689  2
    0.000000     6.261050     7.661931     9.879154    11.819784    12.593798    14.381503    15.582382  2
    0.000000     5.626622     8.480550    11.310127    12.948530    14.708670    16.673649    18.504195  1
    1.000000     6.214891     7.934291     9.366685    11.125158    12.914764    14.232095    15.295620  2
    1.000000     5.992957     9.137003    11.190615    12.715162    15.313702    16.783182    18.209927  1
    0.000000     5.788537     8.382191    10.739826    12.502058    14.881629    17.304110    19.508126  2
    1.000000     5.828425     8.762162     9.987723    12.402259    14.288537    14.772388    15.914679  1
    0.000000     6.691583     7.587025     9.967492    11.037511    12.778229    14.349672    15.947712  2
    0.000000     6.198071     7.998235     8.681865    11.121767    12.690724    14.375790    15.545520  2
    0.000000     5.988240     8.495556    10.730211    13.293921    15.006784    16.465289    17.590519  1
    1.000000     5.906176     8.267626    10.455411    11.999482    13.310374    15.509946    17.220623  2
    0.000000     6.095034     8.442491     9.475430    11.482716    12.898557    14.053589    15.583486  2
    0.000000     5.652897     8.720299    10.746114    12.784114    13.562165    14.544244    15.463901  1
    0.000000     6.195714     8.905463    11.222714    13.650552    14.353744    15.790866    18.030918  1
    0.000000     5.464062     7.733800    10.604220    12.932603    14.370928    16.674549    17.799969  1
    1.000000     5.709720     8.419672     9.995526    12.093673    14.105377    16.174568    18.124122  2
    0.000000     5.988345     7.521817     9.682238    11.522673    13.092251    15.229913    16.390869  2
    0.000000     6.152721     7.577234     9.888822    11.607096    13.249515    15.108626    16.070830  2
    1.000000     5.501979     7.445070     9.470096    11.415635    13.326934    15.082351    17.065963  2
    0.000000     5.805808     7.819665     9.415442    10.530780    12.345486    13.348426    14.785947  2
    0.000000     6.456348     8.201153    10.001384    12.793345    14.871730    16.105991    17.413322  1
    1.000000     6.215833     7.526751    11.027409    13.218085    13.685211    15.447307    17.037026  1
    0.000000     6.208974     7.792736    10.263642    11.997617    14.029839    15.599542    17.333171  2
    0.000000     5.794359     7.886419     9.615680    11.129858    12.936762    15.358710    15.990683  2
    1.000000     5.891608     8.886617    10.488596    12.636569    14.079577    15.299113    16.513813  1
    0.000000     6.243649     7.648451     9.722558    11.914504    13.761449    16.008622    17.048858  2
    1.000000     5.711426     8.366042     9.799984    11.083709    12.854103    13.846627    14.948443  2
    0.000000     6.753213     8.208156    10.224819    11.597035    12.890810    15.057145    16.493089  2
    1.000000     5.999645     7.253220     9.787730    10.773610    12.652957    13.809757    15.422414  2
    0.000000     6.620182     9.263342    11.174110    13.469673    14.583081    16.537016    18.317979  1
    0.000000     6.404537     8.143669    10.523710    12.354825    13.946974    16.108038    16.355891  1
    1.000000     6.108000     7.604794     9.719773    10.816238    13.068720    13.999489    15.814261  2
    1.000000     6.317947     7.913994     9.975702    11.039196    13.005831    13.799243    15.856799  2
    0.000000     6.266172     7.431935     9.417005    10.936904    12.256572    13.476794    14.158774  2
    0.000000     6.001523     8.719353    10.665852    12.622481    15.015141    16.130933    17.843498  1
    1.000000     6.258270     8.744735     9.745429    12.010418    13.685189    14.891713    16.909405  2
    0.000000     5.418717     8.067315     9.483019    11.108650    13.196931    13.846021    16.235952  2
    0.000000     5.846562     7.801039     9.942277    11.742096    14.088804    15.151226    17.691122  2
    0.000000     5.541739     8.863556    10.700267    12.798461    14.296997    16.043827    16.783744  1
    0.000000     5.762828     7.935755    10.886801    12.314483    14.493061    16.271928    17.310290  1
    0.000000     5.914486     8.280980     9.792548    11.332093    12.994720    15.160247    16.929651  2
    0.000000     5.891066     8.528763    10.686486    13.004017    14.688462    16.220433    17.588047  1
    1.000000     5.258034     8.456128    10.805362    12.947854    14.347005    16.275400    18.034347  1
    1.000000     6.187221     8.124306    10.926057    11.490125    13.563612    16.685469    18.423824  2
    0.000000     5.786890     8.257203    10.448045    12.438607    14.221399    15.210838    15.709819  1
    0.000000     6.244933     7.799055    10.175399    12.015933    13.527905    16.011303    18.378814  2
    0.000000     6.208255     8.570771    11.007077    13.280586    14.122076    16.975578    17.781375  1
    0.000000     5.942409     8.434848    11.558964    13.092586    15.092299    16.637913    18.584608  1
    1.000000     6.013872     8.384369    10.502743    12.164037    13.615018    14.381013    15.236861  1
    0.000000     6.093164     8.972768    10.569456    13.434736    15.418661    17.139514    19.124862  1
    1.000000     5.681067     7.601962     9.719716    11.227772    13.078065    14.277571    15.533005  2
    0.000000     6.086081     8.336144    10.905466    13.300246    14.912531    16.964962    18.069869  1
    1.000000     5.651937     7.530732     9.782729    11.094847    12.447330    13.757671    14.929676  2
    1.000000     5.646315     8.434354    10.986704    12.559643    14.653628    16.515823    17.556435  1
    0.000000     5.994008     8.234780    10.992490    13.419768    16.081101    18.035729    18.746853  1
    1.000000     5.771215     8.559689    10.769861    12.374950    14.236011    15.944618    17.490622  1
    1.000000     6.101274     8.284000    10.865855    12.327447    13.658346    14.803877    15.585158  1
    0.000000     5.328440     8.105232    10.214131    12.989004    13.909027    15.195842    15.688510  1
    1.000000     5.905124     8.183181    10.094658    12.449772    14.079545    14.857732    16.562520  1
    1.000000     5.547726     8.013498     8.589092    10.550538    12.396812    14.176121    14.761793  2
    0.000000     6.124369     8.533241    10.493595    12.213814    13.784502    16.569491    16.916150  1
    0.000000     5.095190     8.122897    10.612516    13.234862    14.691057    15.591114    17.164980  1
    0.000000     6.311052     7.697825     9.598351    11.623859    13.587131    15.271131    17.497086  2
    1.000000     6.110365     8.030760    10.788338    12.478505    13.543784    15.041572    15.648953  1
    0.000000     5.568226     8.195324    10.592719    12.263267    13.591009    15.164110    15.677072  1
    0.000000     5.441364     7.700245     9.676796    11.397463    12.915643    14.735838    16.674537  2
    1.000000     5.440849     7.980512     8.890952    11.398453    13.457363    14.478419    15.748086  2
    0.000000     6.498474     7.924732     9.926215    10.869563    12.636056    13.665024    15.716858  2
    1.000000     5.604774     8.104257    10.010435    11.398601    13.071846    14.895339    15.309510  2
    1.000000     5.848361     8.424016     9.579843    11.812057    12.697865    14.802794    16.365857  2
    0.000000     5.956846     8.156525     9.198113    10.717637    12.319151    13.526735    14.363626  2
    1.000000     5.431955     7.871712     9.427358    11.692681    13.344945    15.538067    17.417941  2
    1.000000     6.408070     9.060759    10.917701    12.798412    14.647707    16.188751    17.519492  1
    0.000000     6.341217     8.255846    10.191092    11.317861    12.769435    14.796616    15.982146  2
    0.000000     5.587202     7.841560    10.116669    11.889506    13.175045    14.967703    16.276709  2
    0.000000     5.821481     8.760093    10.971274    12.386398    14.045028    15.378558    15.980630  1
    0.000000     6.423020     7.876788     9.553130    11.320479    12.229214    13.935245    15.921155  2
    1.000000     6.265370     8.177318    10.172948    11.707200    13.614445    15.416294    17.559693  2
    0.000000     6.487205     8.425970     9.409416    11.943002    12.512169    14.027149    15.683738  2
    1.000000     6.446152     7.944901    10.473047    12.377985    13.577152    15.564119    17.218391  2
    0.000000     5.891364     8.640662    10.685640    11.760294    14.039610    15.436337    16.741530  1
    1.000000     6.127841     8.413855    10.211211    12.463650    13.152966    15.707399    16.538632  1
    1.000000     6.346965     8.039652    10.473492    12.054869    13.746207    15.520598    16.634900  1
    0.000000     6.315431     8.277409     9.393161    11.748296    12.919470    15.077301    16.717540  2
    1.000000     6.529998     7.517094     9.542556    11.363805    12.307684    14.112889    15.858555  2
    0.000000     6.218229     8.414166    10.320633    11.672963    13.776273    15.882325    17.262152  2
    0.000000     5.631042     8.314959    10.744449    12.564756    14.774302    16.242873    17.318173  1
    0.000000     5.814435     7.891255     9.914841    11.193991    13.319789    14.319829    16.181821  2
    0.000000     6.249118     7.474476     9.728892    11.533940    13.283483    14.387979    15.508695  2
    0.000000     6.305569     8.323589    10.866967    13.364647    15.358027    16.798470    18.624572  1
    1.000000     6.454957     8.108790     9.874910    11.833691    13.477983    14.308386    16.702815  2
    0.000000     6.062722     8.632214     9.855312    10.904095    12.240901    13.846791    15.069026  2
    0.000000     6.013747     8.630900    10.535628    12.660863    14.815074    16.363263    17.382164  1
    1.000000     6.015393     8.971348    10.502137    11.840852    13.770607    15.442280    16.415107  1
    0.000000     5.751730     8.090798    10.535096    12.018869    14.362226    15.516890    17.415419  1
    1.000000     5.883048     8.170988    10.314474    12.647697    13.911461    15.899324    16.731229  1
    0.000000     6.075852     8.080097    11.089020    12.921790    15.060823    16.215442    18.524875  1
    1.000000     6.171652     8.138446     9.742528    12.284600    13.888828    15.000950    15.872969  1
    0.000000     5.983687     8.915054    10.990308    13.184862    15.368573    17.154256    19.401504  1
    1.000000     6.034455     7.368720     9.611219    10.833205    12.231127    13.823248    14.725644  2
    0.000000     6.267570     8.085018    10.138869    11.291555    13.573460    14.875514    16.655503  2
    0.000000     5.859790     8.362221     9.903241    12.112931    13.496934    15.218922    15.509865  1
    0.000000     5.137067     8.104842    10.617310    12.762030    13.935087    15.380622    16.862128  1
    0.000000     5.426387     8.887977    11.179838    12.509945    14.884594    16.638656    17.830599  1
    1.000000     5.971354     8.616557    10.747375    12.806912    15.244836    15.793931    17.547886  1
    0.000000     6.073525     8.322466     9.747025    12.150803    13.073244    14.664460    15.023568  1
    1.000000     6.027777     8.129568    10.503274    12.675036    14.259395    16.561153    17.524470  1
    1.000000     5.764770     8.732139    10.366948    11.733722    13.193887    14.181049    15.704736  2
    0.000000     5.878569     7.778141     9.316158    11.059245    13.603675    14.991441    15.559402  2
    0.000000     5.993838     8.184752    10.105106    11.532508    13.247203    15.562983    16.646810  2
    1.000000     6.154375     8.354546     9.100646    11.101466    12.639718    13.651476    14.402000  2
    0.000000     6.294737     9.418820    11.484762    13.173646    15.500252    17.216733    18.091755  1
    0.000000     5.817825     7.066714     9.218434    10.942777    12.508604    14.300224    14.760659  2
    1.000000     6.104826     8.142140     9.881133    11.811090    13.623891    14.925008    16.637837  2
    1.000000     6.373885     7.733076    10.345309    12.585511    13.490431    14.525978    16.376361  2
    0.000000     6.524693     8.454895     9.932252    12.343426    13.693281    15.216761    16.788352  2
    1.000000     5.419424     8.734634    10.907202    11.776449    14.132335    15.233960    16.320798  1
    1.000000     6.221520     8.073768    10.266084    12.402865    15.363485    17.082025    18.258838  1
    0.000000     6.009524     7.723964     9.677685    10.270690    12.850360    14.420575    15.399270  2
    0.000000     5.830426     8.399253    10.796645    13.064507    14.899371    16.557661    17.937637  1
    0.000000     5.435603     7.997461    10.416976    12.386515    15.410549    16.556540    18.091789  1
    1.000000     6.307515     8.149780    10.241599    11.450915    13.780575    15.524943    16.360594  2
    1.000000     5.627220     7.945277    10.053866    11.301630    12.488649    13.529987    14.364168  2
    0.000000     5.557096     8.903220    10.098106    11.753088    14.247696    14.648439    16.301893  2
    1.000000     5.649517     8.488349    10.669393    12.441213    14.732774    16.590744    17.909008  1
    0.000000     6.043858     8.396781    10.462168    12.389270    13.469250    14.310452    14.927877  1
    1.000000     6.081255     8.211785    11.005583    12.824802    14.508658    16.419293    17.236501  1
    0.000000     6.299781     8.316712    10.431865    12.403684    14.576445    16.328763    17.169373  1
    1.000000     5.532174     7.337427     9.662153    10.438063    12.030783    12.976873    13.432280  2
    1.000000     5.971602     7.680161    10.107147    11.450643    13.238835    14.722684    16.394202  2
    1.000000     5.637798     8.271498    11.159600    12.940759    15.526598    17.101815    18.293952  1
    0.000000     6.178026     8.806978    10.510734    12.432192    14.221242    15.424105    17.471469  1
    0.000000     5.726577     7.777644     9.867359    11.336085    13.105372    13.754223    15.097438  2
    0.000000     6.211343     7.716605     9.876018    11.446069    13.676206    14.978945    16.544391  2
    1.000000     6.164405     8.569430    10.694806    12.230480    13.852513    15.045290    16.030208  1
    1.000000     5.506724     7.752676     9.802489    11.207693    12.957414    14.603530    16.205427  2
    0.000000     6.153158     8.965492    10.544769    12.233214    13.451479    14.705152    15.841893  1
    0.000000     6.513169     8.588054     9.825468    12.034073    13.042701    14.732468    16.529612  2
    0.000000     6.426681     8.795014    10.759654    13.205604    15.223069    16.395680    18.136415  1
    1.000000     5.924615     8.489005     9.240991    11.871901    12.111166    14.357833    15.478963  2
    1.000000     5.939238     8.309529    10.671946    12.477090    14.075468    16.339056    17.065923  1
    1.000000     6.168606     8.453911     9.330795    11.234861    13.411792    14.310475    15.279309  2
    0.000000     6.384037     7.915909    10.413138    11.957142    13.897883    15.824377    16.158789  1
    0.000000     6.341456     8.464173    10.695155    12.785357    14.924019    16.402672    17.904139  1
    0.000000     5.723701     8.064547    10.465114    12.298022    13.984658    14.984301    15.295039  1
    0.000000     6.583164     8.308914    10.012359    12.013027    13.610687    14.592752    16.231874  2
    0.000000     5.670606     8.494423    10.810264    12.193471    13.806906    15.082853    16.309548  1
    0.000000     6.344001     8.291159    10.879422    12.791055    14.573137    15.781474    17.387351  1
    0.000000     5.968341     8.218307     9.891671    11.575216    13.090676    15.264659    16.864240  2
    1.000000     5.269022     8.361709    11.122349    13.074062    14.483404    17.319462    18.608196  1
    0.000000     6.456131     8.132666    10.054391    12.357811    13.797422    15.887185    17.557088  2
    0.000000     5.521860     8.538425    10.732614    12.346210    14.724652    15.026343    16.262874  1
    1.000000     5.823342     6.907230    10.070231    10.631099    12.308436    13.713630    14.791555  2
    0.000000     5.971160     7.611461     9.269971    11.114703    12.374886    14.173101    14.974063  2
    1.000000     5.385384     8.034844     9.147459    10.697138    11.915105    13.292473    13.914152  2
    1.000000     6.214326     7.654139    10.042180    10.994113    13.236732    15.212321    17.471296  2
    1.000000     5.839716     8.085802    10.304053    11.068371    12.671591    14.519705    15.474095  2
    1.000000     5.660264     8.456060    10.431253    11.812206    13.381530    15.574367    16.457725  1
    0.000000     5.786031     7.991472    10.814373    11.691334    14.481376    14.901308    15.679587  1
    0.000000     5.422477     8.446681    10.721050    12.465585    15.066192    16.709409    17.623998  1
    0.000000     5.618102     8.625570    10.867037    13.250998    15.158589    16.899776    18.205025  1
    0.000000     5.755203     7.631867     9.646190    11.179802    13.049532    14.697584    15.228901  2
    0.000000     5.831401     9.155140    11.213178    13.579930    15.362115    17.709919    17.802624  1
    1.000000     5.838519     8.130864     9.733191    11.379112    13.334693    15.290503    16.755608  2
    0.000000     6.530640     7.905478     9.771333    11.505027    13.003315    15.272851    16.076052  2
    0.000000     5.746227     8.209622     9.975671    11.458127    13.535246    14.774402    17.598259  2
    0.000000     5.567039     8.163596    10.789020    12.331816    14.120341    14.914591    15.482499  1
    0.000000     6.031117     8.030438    10.049172    11.325697    13.049146    15.127485    16.106086  2
    1.000000     6.250593     8.250292     9.202701    11.941215    12.915925    14.068255    15.495636  2
    0.000000     5.803228     8.134396    10.207631    12.043481    13.667729    15.095935    17.390855  2
    0.000000     5.923333     8.697486    10.822636    13.587962    15.027269    15.939523    17.749347  1
    1.000000     6.416255     8.129394     9.779625    11.363774    12.953009    14.215149    16.133445  2
    1.000000     5.800763     8.267325    10.275881    11.383108    13.407585    14.906996    17.280393  2
    0.000000     6.478540     7.723196     9.725299    11.381379    13.075067    13.908955    15.601285  2
    1.000000     5.825672     8.281856    10.093806    12.836191    15.177369    16.835813    18.163996  1
    1.000000     6.097772     8.434047    10.858507    12.812319    14.110596    16.304495    17.388712  1
    1.000000     5.725513     7.793957     9.570310    11.615582    13.671811    14.101874    15.979995  2
    0.000000     5.806805     8.729533    10.829090    12.682210    14.100742    15.110728    16.541669  1
    0.000000     6.103286     8.333613    11.184025    12.592489    14.137690    16.658825    18.370014  1
    1.000000     6.385521     7.933983    10.871915    12.848120    14.779326    16.221611    17.984564  1
    1.000000     5.970385     7.942669    10.021347    11.380583    13.010045    14.506755    14.933943  2
    0.000000     6.103546     7.729857    10.607866    12.164193    14.165219    15.384547    17.501110  2
    0.000000     5.861874     8.460418    10.211635    11.776097    12.868896    14.654673    15.761788  2
    0.000000     5.753873     8.569975    10.319184    12.047527    13.830547    15.956255    16.463391  1
    0.000000     6.151811     8.116297     9.566339    11.643152    12.956715    15.396092    16.811990  2
    0.000000     6.183699     7.997728     9.783927    11.927410    13.209020    14.967058    16.604831  2
    1.000000     6.053685     7.821140     9.812415    12.059548    13.491338    16.066793    16.767252  2
    0.000000     6.030230     8.574976    10.770767    12.936382    15.216569    16.751147    18.447405  1
    1.000000     5.915800     9.344901    10.943177    12.716642    14.497192    16.078477    17.304923  1
    1.000000     6.124891     8.131559    10.127962    11.716138    13.881447    15.467631    17.327302  2
    0.000000     5.516231     8.877514    11.455495    13.657524    15.319706    17.842396    19.204516  1
    0.000000     6.082027     8.780242    11.520310    13.879991    14.989935    17.363963    18.612981  1
    1.000000     5.785045     8.642253    11.082273    13.353427    15.281229    18.317712    20.043372  1
    0.000000     6.118115     8.765276    10.497531    12.802215    14.705465    15.021960    16.745586  1
    0.000000     5.891546     8.271138    10.468819    12.750665    15.166157    16.637387    18.923623  1
    1.000000     6.189515     7.473765     9.597774    11.073411    12.199062    14.739725    15.909507  2
    1.000000     6.452415     8.299784    10.460130    11.860063    13.990819    15.877844    16.901106  2
    1.000000     6.000831     8.580620    10.899057    13.731003    15.180400    16.403331    17.666329  1
    1.000000     5.561914     8.029507    10.348094    12.224973    12.338135    14.384488    15.832592  2
    1.000000     6.690567     8.474328     9.940115    11.915253    13.708285    15.838108    17.725652  2
    1.000000     5.739903     8.254212    10.305481    12.043980    14.222284    16.354201    17.509818  2
    1.000000     6.102838     8.955197    10.898141    13.561321    14.482360    16.640891    17.734941  1
    0.000000     6.321030     8.644660    11.056273    12.923439    14.581762    15.727655    17.060230  1
    1.000000     5.978488     7.317015     9.508796    11.946773    13.627548    15.449867    17.694943  2
    0.000000     5.278872     7.346734     9.450673    11.327796    12.826590    14.420345    15.815618  2
    1.000000     6.229846     8.149788    10.150145    12.379508    13.501622    14.417379    15.305318  2
    0.000000     6.294601     8.417901    10.879503    13.463914    13.533357    15.298651    16.564645  1
    0.000000     5.828483     8.435766    10.458202    12.594115    14.360283    15.724125    16.572226  1
    0.000000     5.782940     8.563494    10.626997    12.976567    15.105579    16.999813    18.125083  1
    0.000000     6.209773     8.759058    10.533792    12.722425    14.144660    16.465263    16.530618  1
    1.000000     5.992692     8.105251    10.218773    11.912760    13.423151    15.439700    16.589407  2
    0.000000     5.797762     8.198331    10.592436    12.396807    14.257608    16.028274    16.453506  1
    1.000000     6.226942     7.944518    10.850484    12.180563    15.427696    16.560012    17.935908  1
    1.000000     6.129716     9.524387    11.504901    13.192722    14.681613    17.522869    18.479188  1
    1.000000     6.520555     7.997060    10.550447    11.655502    13.506131    14.330424    14.897858  1
    0.000000     5.769670     8.106785    11.401353    13.043177    14.813205    16.056649    17.881059  1
    0.000000     5.638923     8.216962    10.768882    12.655751    14.361650    16.580019    18.073871  1
    0.000000     5.921150     8.326917    10.749438    11.564092    14.448433    15.378876    16.735061  1
    0.000000     6.393071     7.654524     9.283541    11.494055    12.962514    14.928025    16.008741  2
    1.000000     5.893555     7.609239     8.936675    10.647146    11.969536    12.913637    13.383874  2
    1.000000     6.528748     7.712254    10.131250    12.040400    12.585661    14.453180    17.397148  2
    1.000000     6.212435     7.781621     9.116779    10.958513    12.629535    13.773345    14.731676  2
    0.000000     6.142181     8.093213     8.796026    11.156507    12.818162    15.225384    15.404691  2
    0.000000     6.214777     8.472879    10.225608    12.771716    15.265615    17.459881    18.517319  1
    1.000000     6.356887     8.948178    10.659327    13.483144    15.523595    17.103626    18.553036  1
    0.000000     5.857706     8.170061     9.940825    11.503550    13.681428    15.669950    16.874980  2
    1.000000     6.956595     8.292757    10.245811    12.265052    13.357722    15.575404    17.066983  2
    0.000000     5.664618     8.914643    10.368290    13.236271    14.783096    15.799858    17.881813  1
    1.000000     5.435324     8.210028    11.205107    12.821771    14.877398    15.832385    17.666456  1
    0.000000     5.333751     7.547702    10.296648    12.126469    14.476950    15.992466    17.267417  1
    1.000000     5.882681     7.825462     9.507937    10.348302    12.388672    13.569272    14.860364  2
    1.000000     5.770370     8.162085    10.440350    12.687016    14.255836    15.714107    17.449287  1
    1.000000     6.259859     7.876177    10.302062    12.548971    13.960834    15.545448    17.302389  2
    0.000000     6.129592     8.016675     9.583048    11.463774    12.423423    14.687620    15.773433  2
    1.000000     5.974052     7.914592     9.389357    11.532257    13.042751    14.741271    15.612047  2
    0.000000     5.299983     8.369907    10.774398    12.126380    14.492242    15.929231    16.488065  1
    1.000000     6.075026     8.157731    10.095592    11.791672    14.192083    16.243790    17.747527  2
    0.000000     5.778156     8.248802     9.276766    11.236913    12.953704    14.572403    16.148064  2
    1.000000     5.682339     8.097794    10.054170    12.066765    14.147361    15.548557    16.697803  1
    1.000000     5.736283     8.182977    11.648799    12.649056    14.791711    16.408588    18.111046  1
    1.000000     5.475170     7.320638     9.303234    11.018933    13.165158    14.278010    15.182650  2
    1.000000     6.052694     8.060254    10.000311    11.948012    13.582016    14.922980    17.232829  2
    0.000000     6.324221     7.894397    10.132792    12.187245    13.937680    16.155778    16.992099  2
    1.000000     6.129856     8.289254     9.903772    11.878041    13.962778    15.717633    17.273138  2
    1.000000     5.766850     8.382288    10.267827    11.932439    14.235143    14.891678    16.346468  1
    0.000000     6.236290     8.920564    10.928512    12.951846    14.372942    15.129170    16.065789  1
    0.000000     5.701536     8.084910     9.483722    11.451053    12.980032    13.649988    15.679079  2
    0.000000     6.139097     8.536276     9.821146    11.558455    12.591565    14.471835    15.828314  2
    1.000000     6.491658     8.530087    10.448108    12.993435    15.020318    16.046110    16.890687  1
    0.000000     5.820864     7.761608     9.829131    11.280504    13.102439    14.127989    16.074358  2
    1.000000     6.111135     8.305343     9.971314    11.682387    13.478984    16.044681    17.830017  2
    1.000000     5.763142     8.697523    11.269822    12.772707    15.219389    17.243098    18.705816  1
    0.000000     6.617538     7.902429    10.068180    12.133597    13.246016    14.878357    17.143618  2
    1.000000     5.650404     7.223044    10.024307    11.410507    12.869955    14.463058    16.312192  2
    0.000000     5.870230     7.743909     9.483356    11.546323    12.922213    14.893649    16.005120  2
    0.000000     5.599287     8.564444    10.829249    12.800092    13.936280    15.778607    17.648391  1
    0.000000     6.191883     8.498041    11.174621    12.674560    15.625525    16.696617    18.070309  1
    1.000000     6.407850     8.252584    10.247666    11.287755    13.189123    14.447981    16.644418  2
    1.000000     6.097513     7.779936     9.809877    11.889607    13.310583    15.090537    16.698584  2
    0.000000     5.749225     8.614215    11.194300    13.738131    15.610047    18.224484    20.158659  1
    1.000000     5.509074     8.663196    10.497334    12.596169    15.012180    16.812542    18.302695  1
    1.000000     5.414318     8.603661    10.358461    12.914123    15.374275    16.940638    18.495697  1
    0.000000     6.120835     7.934577    10.224066    12.541923    13.606575    15.060210    16.224192  2
    1.000000     6.167464     7.705886     9.777172    11.169258    12.865321    14.581692    15.258835  2
    0.000000     5.762517     8.083418    10.404983    12.114134    14.028602    15.506144    17.236605  1
    0.000000     5.673636     8.090966     9.903450    11.409305    13.947625    15.006442    15.610560  1
    0.000000     6.245605     7.744233    10.153948    11.887322    13.296763    14.588653    15.390037  2
    1.000000     6.267711     7.952290     9.506508    11.342803    13.044602    13.571150    15.113067  2
    0.000000     6.021622     8.383545     9.860504    10.560720    13.029511    14.409037    16.334575  2
    1.000000     6.759460     8.579200    10.727672    13.203747    14.158752    16.700710    17.800175  1
    0.000000     5.803415     7.479664     9.727981    10.801246    13.250614    13.952426    15.718324  2
    0.000000     5.436948     8.369391    10.995259    12.786723    14.137470    15.998253    17.398039  1
    1.000000     6.403962     7.549915    10.471226    12.472246    13.579226    15.118773    16.082934  2
    1.000000     6.529265     8.360643    10.023595    12.430764    13.782565    16.242737    17.427165  2
    0.000000     5.695016     8.006514    11.023378    12.532237    14.774908    16.564316    17.796426  1
    0.000000     6.191069     8.149666    10.709688    11.661530    14.108825    16.236989    16.713096  1
    1.000000     6.197865     7.415090     9.479288    11.055173    12.880717    13.781953    15.309743  2
    1.000000     5.608627     8.184672     9.890553    11.919611    14.342392    15.301530    17.317707  2
    1.000000     6.524384     8.502827     9.747391    11.868050    13.494436    15.948378    16.289151  2
    0.000000     5.994954     8.511418     9.367781    11.271503    12.311410    14.499577    16.324603  2
    0.000000     5.799991     7.428082     9.467576    11.211159    12.699979    13.950383    15.876372  2
    1.000000     5.479016     7.789742     9.560952    11.180198    12.975575    14.062501    15.632842  2
    1.000000     6.019097     8.054671    10.410831    11.941385    13.371554    15.948474    17.245937  2
    1.000000     6.217055     7.984444    10.975446    12.927506    14.338409    16.292595    18.683169  1
    1.000000     6.378927     9.151891    10.712186    13.153173    14.696919    16.031040    16.900759  1
    0.000000     5.968283     8.353393    10.159474    12.106904    13.894527    15.306802    15.682156  1
    0.000000     5.913685     8.116376     9.668951    11.755499    13.016407    15.283079    16.646807  2
    1.000000     5.829005     8.236865    10.250384    11.969990    14.110554    15.233258    17.234971  2
    1.000000     5.712139     7.808871     9.814593    11.733499    12.655397    15.067600    16.298118  2
    0.000000     6.740966     7.895101     9.391793    11.317406    12.743543    14.049222    16.897309  2
    1.000000     5.994065     7.738772     9.272639    11.020865    12.382758    13.167760    13.926164  2
    0.000000     6.293773     8.165436     9.579123    11.045702    12.396513    13.609064    15.026789  2
    0.000000     5.542822     7.984564     9.083109    11.144485    12.407062    14.129478    14.734215  2
    1.000000     6.289096     9.077594    10.079872    11.817267    13.495340    14.441026    15.834321  2
    1.000000     6.015889     7.727123     9.462017    11.092613    12.694755    13.664830    15.383152  2
    0.000000     6.537611     8.459892    10.304939    12.261172    14.550766    15.734077    17.035258  1
    1.000000     5.728198     7.963527     9.953391    11.393891    13.191001    14.906314    15.837551  2
    0.000000     6.205953     7.372192    10.044327    12.379909    13.883106    15.244991    16.925612  1
    1.000000     5.412231     7.801758     9.682495    10.987967    13.421815    14.669097    15.823528  2
    0.000000     6.191397     8.441087     9.639402    10.820158    13.178549    14.227859    15.673211  2
    0.000000     6.165026     8.635291    10.999038    12.667901    14.044938    16.160508    16.452330  1
    0.000000     6.489158     8.483189     9.961473    11.942499    12.286008    13.832081    15.479105  2
    1.000000     5.805373     7.878627     9.660546    11.463966    13.238916    15.162561    15.739862  2
    1.000000     6.158458     7.888491     9.301761    11.120655    12.502438    13.760587    15.183121  2
    0.000000     6.334483     8.178138    10.510722    12.704291    14.398486    15.609365    16.721561  1
    1.000000     6.394497     7.641036    10.056753    11.398757    13.768194    15.664636    17.373507  2
    1.000000     6.064973     7.409648    10.052086    11.802647    12.891141    15.368351    16.846265  2
    0.000000     6.161717     7.925743     9.772066    11.880440    14.014943    15.767803    17.442711  2
    0.000000     6.116136     7.915944    10.948513    12.724064    14.652660    16.025425    17.455890  1
    0.000000     6.400405     7.547319    10.384322    12.235587    13.673943    15.728385    16.969750  2
    1.000000     6.291287     8.233770    10.538112    12.755425    13.655502    14.933206    15.836810  1
    1.000000     5.970889     9.546688    10.583261    12.804706    14.533303    16.030094    17.194740  1
    0.000000     6.019855     7.985316    10.628122    13.195268    14.441830    15.588187    17.623374  1
    1.000000     5.977149     7.708304     9.364066    11.629651    13.453963    14.453258    15.489321  2
    1.000000     6.226330     8.856130    10.225174    12.508227    15.209004    15.482765    16.231090  1
    0.000000     5.928071     7.953637     9.230997    11.265609    12.608091    14.018443    15.842051  2
    0.000000     6.026093     7.891622     9.568208    10.400592    12.043976    13.792903    15.315690  2
    1.000000     6.376113     7.538680     9.652027    11.837980    13.218243    14.761855    16.540831  2
    0.000000     5.944430     8.264241    10.883843    12.189264    14.673660    15.976854    17.359149  1
    0.000000     5.615848     8.406217    11.138237    12.710106    13.701386    15.477358    16.839405  1
    0.000000     6.307879     8.742742    10.554458    12.788425    14.242728    15.081825    16.763136  1
    1.000000     6.463190     7.805344     9.920540    11.957105    12.927721    14.192337    14.813679  2
    1.000000     5.737817     8.246027     9.480120    10.935835    12.581714    13.583067    14.778587  2
    1.000000     6.091387     8.598515    10.940436    12.407077    13.755598    15.896513    16.397368  1
    0.000000     5.886467     7.836111     9.430449    11.004876    12.427032    13.951860    15.295096  2
    1.000000     5.938889     7.497999     9.257576    11.114144    12.251227    12.976802    14.399987  2
    0.000000     5.766017     8.354712    10.588767    12.167512    14.021830    14.665228    15.680948  1
    0.000000     7.034747     8.268336    10.431791    11.967796    13.654941    16.281861    17.782416  2
    1.000000     5.972757     9.022942    10.457497    13.185923    14.187565    16.656692    17.160406  1
    0.000000     6.007069     8.511017    10.227602    11.580414    13.176080    14.951166    16.435895  2
    0.000000     6.201442     7.277116     9.291690    10.505118    12.359453    13.794696    14.978088  2
    0.000000     5.476754     8.261069    10.729659    12.306723    14.433948    15.500208    17.954001  1
    0.000000     5.470164     8.484649    10.334891    11.843398    14.383385    16.355391    16.912670  1
    1.000000     5.984822     7.358838     9.221448    10.373869    13.081442    14.394173    15.694960  2
    0.000000     5.779068     7.934759     9.649795    11.519717    13.212126    14.411145    16.403329  2
    0.000000     5.734252     7.761188     9.248924    11.891859    13.410808    16.047376    16.920190  2
    0.000000     5.802741     7.996913     9.766720    10.754171    13.285288    14.653894    15.282131  2
    0.000000     5.647909     7.784855     9.714564    11.045950    12.897680    14.981897    16.443565  2
    0.000000     6.275118     7.848114     9.645936    11.399477    13.852016    15.126597    17.034453  2
    1.000000     5.914022     7.568680     9.993603    13.043813    14.518196    16.033114    17.171750  1
    0.000000     6.358082     8.518143    11.013465    12.635019    14.199061    16.000406    16.470876  1
    1.000000     5.938706     8.246686    10.208246    11.606806    14.124849    15.534727    16.622672  2
    0.000000     5.412615     7.814583     9.599792    11.326734    12.565777    14.002473    15.589564  2
    1.000000     5.492152     8.152670    10.481390    12.753884    13.904461    15.505114    16.942883  1
    0.000000     6.258404     9.012405    11.305678    13.754749    15.520573    16.958546    19.195721  1
    0.000000     6.213284     8.203111    10.612962    13.244061    13.734612    16.007865    16.523503  1
    1.000000     6.282082     7.913292    10.464310    11.692910    13.008009    14.390593    15.982344  2
    1.000000     5.359637     8.290256    10.427159    12.965194    14.839063    15.725922    16.396854  1
    0.000000     6.277126     8.923756    10.301947    13.055595    15.123991    16.781546    18.161029  1
    0.000000     6.141594     7.696897     9.889873    11.363237    12.325176    14.102447    16.069180  2
    0.000000     6.084088     8.082095     9.963111    12.131701    13.701675    14.717280    16.903036  2
    1.000000     6.417100     8.610472    10.618031    12.254700    15.261186    16.662480    17.952263  1
    1.000000     6.001487     8.756483     9.619318    11.885535    13.236002    14.257473    15.277988  2
    0.000000     5.451980     7.477374     9.727621    11.283125    13.006250    14.134433    15.747314  2
    0.000000     6.065828     8.036535     9.292963    10.679399    12.097271    13.606397    15.408417  2
    1.000000     6.377684     7.697806    10.193122    12.844926    14.539186    16.169708    17.356793  1
    1.000000     5.723474     8.528252    10.661225    12.394025    15.039905    15.963810    16.895628  1
    0.000000     5.878983     8.068403    10.410422    12.191926    14.274164    15.324752    17.269496  2
    0.000000     5.824899     7.998542     9.560168    11.786485    12.951298    14.263748    15.801761  2
    0.000000     6.081434     7.990027    10.751272    12.984864    14.702863    16.275000    17.549628  1
    1.000000     5.733193     8.101774     9.734042    11.179804    13.074080    14.818540    15.731737  2
    0.000000     5.722685     8.026253     9.322049    11.117905    12.379481    14.396127    14.861004  2
    1.000000     5.889534     8.486225    11.026439    12.214107    14.379188    15.934417    17.493983  1
    0.000000     6.151728     8.672178    10.298590    11.252347    12.741006    15.002844    15.556108  2
    0.000000     6.121959     8.586205    10.814780    12.926909    14.293145    15.854384    16.724284  1
    0.000000     5.817865     7.530156     8.892937    11.053262    12.326508    13.779988    14.849872  2
    0.000000     5.738137     8.151049    10.197226    11.857636    13.596262    15.113742    16.511720  2
    0.000000     5.925289     8.581871    10.520080    13.110135    14.473538    15.472074    17.171732  1
    1.000000     5.937927     8.639597    10.194720    12.709963    14.295956    16.334713    17.171216  1
    0.000000     6.313113     8.487398     9.799846    11.535308    13.661944    14.831592    16.611534  2
    1.000000     5.988830     8.305132    10.576979    12.523780    13.852710    14.694694    15.261658  1
    0.000000     5.661778     8.540078    10.462682    12.793032    14.308093    16.192627    17.078554  1
    1.000000     5.991173     8.597406    11.087710    13.682770    15.406832    17.085963    17.974100  1
    1.000000     6.806388     8.043107     9.854665    12.328518    14.549558    15.886243    17.798328  2
    1.000000     5.999690     7.654597    10.204415    12.515572    14.062292    15.957521    16.523165  1
    1.000000     6.281843     9.185598    10.722408    12.310372    13.348229    15.248413    15.956168  1
    0.000000     5.603355     7.673189    11.176974    13.181073    14.722179    16.341150    18.119592  1
    0.000000     5.696790     8.040252    10.795485    12.289867    14.686288    15.751444    17.180367  1
    0.000000     6.178849     8.207190    10.601348    12.686962    14.069245    14.939699    16.365932  1
    1.000000     6.292265     8.690913    11.181653    13.281374    15.549174    16.335986    17.408281  1
    1.000000     6.055025     8.694487    10.540878    12.439675    14.955299    17.006647    18.827085  1
    1.000000     6.527664     7.846142     9.440883    11.804347    13.540039    15.090032    17.045697  2
    1.000000     5.955285     8.623809    10.354168    12.219484    13.569238    15.637279    16.537671  1
    0.000000     6.055409     8.951971    10.880987    12.510775    13.572741    14.758206    15.573301  1
    1.000000     5.910199     9.237094    11.095790    13.462956    14.741618    17.186896    18.905441  1
    1.000000     6.414356     8.395234    11.124101    12.766248    14.941466    16.058660    17.940169  1
    0.000000     6.116339     8.375895    10.004942    12.930818    14.762351    16.221873    16.866608  1
    0.000000     6.066425     8.684170    11.307608    12.975805    14.573324    15.908171    17.470351  1
    0.000000     6.602848     9.070410    10.540654    12.863068    14.578477    15.962048    17.294737  1
    1.000000     5.904217     8.128260    10.606630    12.941970    14.511281    15.056561    16.611058  1
